        [0,255, 254,253,252,251,250, 249, 248,247,246, 245, 244, 243, 242, 241],
        [1, 30,  31, 60, 61, 90, 91, 120, 121,150,151, 180, 181, 210, 211, 240],
        [2, 29,  32, 59, 62, 89, 92, 119, 122,149,152, 179, 182, 209, 212, 239],
        [3, 28,  33, 58, 63, 88, 93, 118, 123,148,153, 178, 183, 208, 213, 238],
        [4, 27,  34, 57, 64, 87, 94, 117, 124,147,154, 177, 184, 207, 214, 237],
        [5, 26,  35, 56, 65, 86, 95, 116, 125,146,155, 176, 185, 206, 215, 236],
        [6, 25,  36, 55, 66, 85, 96, 115, 126,145,156, 175, 186, 205, 216, 235],
        [7, 24,  37, 54, 67, 84, 97, 114, 127,144,157, 174, 187, 204, 217, 234],
        [8, 23,  38, 53, 68, 83, 98, 113, 128,143,158, 173, 188, 203, 218, 233],
        [9, 22,  39, 52, 69, 82, 99, 112, 129,142,159, 172, 189, 202, 219, 232],
        [10,21,  40, 51, 70, 81,100, 111, 130,141,160, 171, 190, 201, 220, 231],
        [11,20,  41, 50, 71, 80,101, 110, 131,140,161, 170, 191, 200, 221, 230],
        [12,19,  42, 49, 72, 79,102, 109, 132,139,162, 169, 192, 199, 222, 229],
        [13,18,  43, 48, 73, 78,103, 108, 133,138,163, 168, 193, 198, 223, 228],
        [14,17,  44, 47, 74, 77,104, 107, 134,137,164, 167, 194, 197, 224, 227],
        [15,16,  45, 46, 75, 76,105, 106, 135,136,165, 166, 195, 196, 225, 226]